unique seed patterns (8):
(-1, -1, -1)
(-1, -1, 1)
(-1, 1, -1)
(-1, 1, 1)
(1, -1, -1)
(1, -1, 1)
(1, 1, -1)
(1, 1, 1)

axis-swap tag counts:
swap 1 tags 18
swap 2 tags 18

swap 1 has 16 equivalence classes of tags:
[[(1, 1, 2)], [(1, 2, 1)], [(2, 2, 1)], [(1, 2, 0)], [(2, 1, 2)], [(1, 1, 0)], [(1, 0, 2)], [(1, 0, 1), (1, 1, 1)], [(2, 0, 0)], [(2, 2, 2)], [(1, 2, 2)], [(2, 2, 0)], [(2, 1, 1), (2, 0, 1)], [(2, 1, 0)], [(1, 0, 0)], [(2, 0, 2)]]

swap 2 has 16 equivalence classes of tags:
[[(1, 2, 1), (1, 0, 1)], [(1, 1, 2)], [(2, 1, 1)], [(1, 1, 1)], [(2, 2, 2)], [(1, 2, 2)], [(1, 0, 2)], [(2, 0, 0)], [(2, 1, 0)], [(2, 1, 2)], [(1, 1, 0)], [(2, 2, 0)], [(2, 2, 1), (2, 0, 1)], [(1, 2, 0)], [(2, 0, 2)], [(1, 0, 0)]]
