0: (0, 1, 2, 2)
1: (1, 2, 2, 0)
2: (1, 0, 2, 1)
3: (0, 1, 1, 0)
4: (1, 2, 1, 1)
5: (1, 1, 1, 2)
6: (1, 0, 0, 0)
7: (0, 0, 1, 1)
8: (1, 2, 0, 2)
9: (1, 0, 1, 2)
10: (0, 1, 0, 1)
11: (1, 1, 2, 0)
12: (0, 1, 2, 1)
13: (1, 1, 0, 0)
14: (1, 0, 2, 0)
15: (1, 2, 2, 2)
16: (1, 2, 1, 0)
17: (1, 1, 1, 1)
18: (0, 1, 1, 2)
19: (0, 0, 0, 1)
20: (0, 0, 1, 0)
21: (1, 0, 0, 2)
22: (1, 0, 1, 1)
23: (0, 1, 0, 0)
24: (1, 2, 0, 1)
25: (0, 1, 2, 0)
26: (1, 1, 0, 2)
27: (1, 1, 2, 2)
28: (1, 2, 1, 2)
29: (1, 2, 2, 1)
30: (1, 0, 2, 2)
31: (0, 1, 1, 1)
32: (1, 1, 1, 0)
33: (0, 0, 1, 2)
34: (1, 0, 1, 0)
35: (1, 2, 0, 0)
36: (1, 0, 0, 1)
37: (1, 1, 0, 1)
38: (0, 1, 0, 2)
39: (1, 1, 2, 1)
