Edges: 540
Triangles: 3240
Solved: 3240/3240
Edge label distribution: {0: 150, 1: 195, 2: 195}
Support-size distribution by label:
  (1, 3, 0): 22
  (1, 3, 1): 40
  (1, 3, 2): 46
  (3, 3, 0): 128
  (3, 3, 1): 155
  (3, 3, 2): 149
(0, 5): 1
(0, 6): 1
(0, 7): 0
(0, 9): 1
(0, 10): 1
(0, 11): 1
(0, 13): 1
(0, 14): 1
(0, 15): 2
(0, 17): 2
(0, 18): 2
(0, 19): 2
(0, 21): 2
(0, 22): 2
(0, 23): 0
(0, 25): 2
(0, 26): 2
(0, 27): 1
(0, 29): 1
(0, 30): 2
(0, 31): 2
(0, 33): 2
(0, 34): 1
(0, 35): 1
(0, 37): 2
(0, 38): 0
(0, 39): 0
(1, 4): 2
(1, 6): 2
(1, 7): 1
(1, 8): 1
(1, 10): 2
(1, 11): 2
(1, 12): 2
(1, 14): 2
(1, 15): 0
(1, 16): 1
(1, 18): 1
(1, 19): 1
(1, 20): 1
(1, 22): 1
(1, 23): 2
(1, 24): 1
(1, 26): 1
(1, 27): 0
(1, 28): 2
(1, 30): 2
(1, 31): 2
(1, 32): 2
(1, 34): 1
